{
    "camera_angle_x": 0.6911112070083618,
    "camera_angle_y": 0.4710899591445923,
    "fl_x": 711.1111111111111,
    "fl_y": 711.1111111111111,
    "k1": 0.0,
    "k2": 0.0,
    "p1": 0.0,
    "p2": 0.0,
    "cx": 256.0,
    "cy": 256.0,
    "w": 512.0,
    "h": 512.0,
    "aabb_scale": 4,
    "frames": [
        {
            "file_path": "./images/0001",
            "transform_matrix": [
                [
                    -0.2727447748184204,
                    0.910855233669281,
                    -0.30976298451423645,
                    -3.0976297855377197
                ],
                [
                    -0.9620864987373352,
                    -0.2582210898399353,
                    0.08781563490629196,
                    0.8781563639640808
                ],
                [
                    0.0,
                    0.32197004556655884,
                    0.9467498660087585,
                    9.467498779296875
                ],
                [
                    0.0,
                    0.0,
                    0.0,
                    1.0
                ]
            ]
        },
        {
            "file_path": "./images/0002",
            "transform_matrix": [
                [
                    0.9971421957015991,
                    -0.07264990359544754,
                    -0.02072574570775032,
                    -0.2072574496269226
                ],
                [
                    -0.07554842531681061,
                    -0.9588854312896729,
                    -0.2735532224178314,
                    -2.735532283782959
                ],
                [
                    0.0,
                    0.27433711290359497,
                    -0.9616336226463318,
                    -9.61633586883545
                ],
                [
                    0.0,
                    0.0,
                    0.0,
                    1.0
                ]
            ]
        },
        {
            "file_path": "./images/0003",
            "transform_matrix": [
                [
                    -0.9961601495742798,
                    -0.06979195028543472,
                    0.052859436720609665,
                    0.5285943746566772
                ],
                [
                    0.08755020052194595,
                    -0.7941039800643921,
                    0.6014431118965149,
                    6.014430999755859
                ],
                [
                    0.0,
                    0.6037613749504089,
                    0.797165036201477,
                    7.971650123596191
                ],
                [
                    0.0,
                    0.0,
                    0.0,
                    1.0
                ]
            ]
        },
        {
            "file_path": "./images/0004",
            "transform_matrix": [
                [
                    -0.6977230906486511,
                    0.036950934678316116,
                    0.7154139876365662,
                    7.154139995574951
                ],
                [
                    0.7163676023483276,
                    0.03598923236131668,
                    0.6967942714691162,
                    6.967942714691162
                ],
                [
                    0.0,
                    0.9986687898635864,
                    -0.05158097296953201,
                    -0.5158097147941589
                ],
                [
                    0.0,
                    0.0,
                    0.0,
                    1.0
                ]
            ]
        },
        {
            "file_path": "./images/0005",
            "transform_matrix": [
                [
                    -0.963151216506958,
                    0.11749710887670517,
                    -0.24193859100341797,
                    -2.4193856716156006
                ],
                [
                    -0.2689606845378876,
                    -0.420758455991745,
                    0.866384744644165,
                    8.663846969604492
                ],
                [
                    -7.450580596923828e-09,
                    0.8995314240455627,
                    0.43685606122016907,
                    4.368560314178467
                ],
                [
                    0.0,
                    0.0,
                    0.0,
                    1.0
                ]
            ]
        },
        {
            "file_path": "./images/0006",
            "transform_matrix": [
                [
                    -0.8943120837211609,
                    0.2610657215118408,
                    -0.36338767409324646,
                    -3.6338768005371094
                ],
                [
                    -0.44744372367858887,
                    -0.5217956900596619,
                    0.7263080477714539,
                    7.263080596923828
                ],
                [
                    1.4901161193847656e-08,
                    0.8121415972709656,
                    0.5834603905677795,
                    5.834603786468506
                ],
                [
                    0.0,
                    0.0,
                    0.0,
                    1.0
                ]
            ]
        },
        {
            "file_path": "./images/0007",
            "transform_matrix": [
                [
                    0.9893082976341248,
                    0.14176587760448456,
                    -0.0342281311750412,
                    -0.342281311750412
                ],
                [
                    -0.1458394080400467,
                    0.9616753458976746,
                    -0.23218809068202972,
                    -2.32188081741333
                ],
                [
                    0.0,
                    0.23469732701778412,
                    0.9720684885978699,
                    9.720685005187988
                ],
                [
                    0.0,
                    0.0,
                    0.0,
                    1.0
                ]
            ]
        },
        {
            "file_path": "./images/0008",
            "transform_matrix": [
                [
                    -0.23034441471099854,
                    -0.6807553172111511,
                    -0.6953514814376831,
                    -6.95351505279541
                ],
                [
                    -0.9731091260910034,
                    0.16114142537117004,
                    0.16459648311138153,
                    1.6459648609161377
                ],
                [
                    0.0,
                    0.7145668268203735,
                    -0.6995672583580017,
                    -6.995672702789307
                ],
                [
                    0.0,
                    0.0,
                    0.0,
                    1.0
                ]
            ]
        },
        {
            "file_path": "./images/0009",
            "transform_matrix": [
                [
                    0.433736652135849,
                    -0.8125873804092407,
                    -0.3893255889415741,
                    -3.8932557106018066
                ],
                [
                    -0.9010397791862488,
                    -0.39115801453590393,
                    -0.18741102516651154,
                    -1.874110221862793
                ],
                [
                    1.4901161193847656e-08,
                    0.43208470940589905,
                    -0.9018329977989197,
                    -9.018329620361328
                ],
                [
                    0.0,
                    0.0,
                    0.0,
                    1.0
                ]
            ]
        },
        {
            "file_path": "./images/0010",
            "transform_matrix": [
                [
                    0.29476362466812134,
                    0.8889688849449158,
                    0.35049787163734436,
                    3.504978656768799
                ],
                [
                    0.9555702805519104,
                    -0.2742191553115845,
                    -0.10811765491962433,
                    -1.081176519393921
                ],
                [
                    -7.450580596923828e-09,
                    0.3667944669723511,
                    -0.930302083492279,
                    -9.303020477294922
                ],
                [
                    0.0,
                    0.0,
                    0.0,
                    1.0
                ]
            ]
        },
        {
            "file_path": "./images/0011",
            "transform_matrix": [
                [
                    0.15909820795059204,
                    0.5421723127365112,
                    0.8250678181648254,
                    8.250678062438965
                ],
                [
                    0.9872628450393677,
                    -0.08737151324748993,
                    -0.13296034932136536,
                    -1.3296034336090088
                ],
                [
                    0.0,
                    0.8357124924659729,
                    -0.5491672158241272,
                    -5.491672039031982
                ],
                [
                    0.0,
                    0.0,
                    0.0,
                    1.0
                ]
            ]
        },
        {
            "file_path": "./images/0012",
            "transform_matrix": [
                [
                    0.9983985424041748,
                    0.022383179515600204,
                    0.051955390721559525,
                    0.5195538997650146
                ],
                [
                    0.056571800261735916,
                    -0.39502599835395813,
                    -0.9169265031814575,
                    -9.169264793395996
                ],
                [
                    0.0,
                    0.9183972477912903,
                    -0.3956596851348877,
                    -3.956596851348877
                ],
                [
                    0.0,
                    0.0,
                    0.0,
                    1.0
                ]
            ]
        },
        {
            "file_path": "./images/0013",
            "transform_matrix": [
                [
                    0.6219446063041687,
                    -0.22984939813613892,
                    -0.7485681176185608,
                    -7.485681056976318
                ],
                [
                    -0.7830613851547241,
                    -0.18255731463432312,
                    -0.5945484042167664,
                    -5.945484161376953
                ],
                [
                    1.4901162970204496e-08,
                    0.955950915813446,
                    -0.29352667927742004,
                    -2.9352667331695557
                ],
                [
                    0.0,
                    0.0,
                    0.0,
                    1.0
                ]
            ]
        },
        {
            "file_path": "./images/0014",
            "transform_matrix": [
                [
                    0.21665818989276886,
                    -0.9736312031745911,
                    0.07142537087202072,
                    0.7142536640167236
                ],
                [
                    0.9762475490570068,
                    0.2160775512456894,
                    -0.015851400792598724,
                    -0.15851400792598724
                ],
                [
                    -9.313225746154785e-10,
                    0.07316242158412933,
                    0.9973199963569641,
                    9.973199844360352
                ],
                [
                    0.0,
                    0.0,
                    0.0,
                    1.0
                ]
            ]
        },
        {
            "file_path": "./images/0015",
            "transform_matrix": [
                [
                    -0.7643793225288391,
                    -0.6399238705635071,
                    -0.07887843996286392,
                    -0.788784384727478
                ],
                [
                    -0.6447668671607971,
                    0.7586378455162048,
                    0.09351139515638351,
                    0.9351139068603516
                ],
                [
                    -3.725290298461914e-09,
                    0.12233638763427734,
                    -0.99248868227005,
                    -9.924886703491211
                ],
                [
                    0.0,
                    0.0,
                    0.0,
                    1.0
                ]
            ]
        },
        {
            "file_path": "./images/0016",
            "transform_matrix": [
                [
                    -0.13769015669822693,
                    -0.345392644405365,
                    0.9283024072647095,
                    9.283023834228516
                ],
                [
                    0.9904753565788269,
                    -0.04801448807120323,
                    0.129047229886055,
                    1.2904722690582275
                ],
                [
                    3.725290298461914e-09,
                    0.9372291564941406,
                    0.34871402382850647,
                    3.48714017868042
                ],
                [
                    0.0,
                    0.0,
                    0.0,
                    1.0
                ]
            ]
        },
        {
            "file_path": "./images/0017",
            "transform_matrix": [
                [
                    0.9081823825836182,
                    -0.22109799087047577,
                    -0.35541611909866333,
                    -3.554161548614502
                ],
                [
                    -0.4185749292373657,
                    -0.4797164797782898,
                    -0.7711466550827026,
                    -7.7114667892456055
                ],
                [
                    1.4901162970204496e-08,
                    0.849109947681427,
                    -0.5282160639762878,
                    -5.282161235809326
                ],
                [
                    0.0,
                    0.0,
                    0.0,
                    1.0
                ]
            ]
        },
        {
            "file_path": "./images/0018",
            "transform_matrix": [
                [
                    -0.8969907760620117,
                    -0.09618975222110748,
                    0.43145689368247986,
                    4.314568996429443
                ],
                [
                    0.44204917550086975,
                    -0.19518490135669708,
                    0.8754972815513611,
                    8.754972457885742
                ],
                [
                    0.0,
                    0.9760380983352661,
                    0.21759966015815735,
                    2.1759965419769287
                ],
                [
                    0.0,
                    0.0,
                    0.0,
                    1.0
                ]
            ]
        },
        {
            "file_path": "./images/0019",
            "transform_matrix": [
                [
                    -0.5587546825408936,
                    -0.32335996627807617,
                    -0.763696014881134,
                    -7.636960029602051
                ],
                [
                    -0.8293330669403076,
                    0.21786047518253326,
                    0.5145323872566223,
                    5.145323753356934
                ],
                [
                    1.4901161193847656e-08,
                    0.920855700969696,
                    -0.38990363478660583,
                    -3.899036407470703
                ],
                [
                    0.0,
                    0.0,
                    0.0,
                    1.0
                ]
            ]
        },
        {
            "file_path": "./images/0020",
            "transform_matrix": [
                [
                    0.8605804443359375,
                    -0.18818451464176178,
                    -0.4732736647129059,
                    -4.732736587524414
                ],
                [
                    -0.5093146562576294,
                    -0.31797224283218384,
                    -0.7996826171875,
                    -7.996826171875
                ],
                [
                    0.0,
                    0.9292364120483398,
                    -0.3694857656955719,
                    -3.694857597351074
                ],
                [
                    0.0,
                    0.0,
                    0.0,
                    1.0
                ]
            ]
        },
        {
            "file_path": "./images/0021",
            "transform_matrix": [
                [
                    0.25957125425338745,
                    -0.6138507127761841,
                    0.7455267310142517,
                    7.455267429351807
                ],
                [
                    0.965723991394043,
                    0.1649933159351349,
                    -0.20038573443889618,
                    -2.003857374191284
                ],
                [
                    0.0,
                    0.7719874382019043,
                    0.6356378197669983,
                    6.356378078460693
                ],
                [
                    0.0,
                    0.0,
                    0.0,
                    1.0
                ]
            ]
        },
        {
            "file_path": "./images/0022",
            "transform_matrix": [
                [
                    -0.45474475622177124,
                    0.8445882797241211,
                    -0.282626748085022,
                    -2.8262674808502197
                ],
                [
                    -0.8906219005584717,
                    -0.43124035000801086,
                    0.14430706202983856,
                    1.443070650100708
                ],
                [
                    0.0,
                    0.31733638048171997,
                    0.9483129382133484,
                    9.483129501342773
                ],
                [
                    0.0,
                    0.0,
                    0.0,
                    1.0
                ]
            ]
        },
        {
            "file_path": "./images/0023",
            "transform_matrix": [
                [
                    -0.9721392393112183,
                    -0.12535110116004944,
                    0.1980721801519394,
                    1.9807218313217163
                ],
                [
                    0.2344045639038086,
                    -0.5198649764060974,
                    0.8214589953422546,
                    8.214590072631836
                ],
                [
                    0.0,
                    0.8450014591217041,
                    0.5347639322280884,
                    5.347639083862305
                ],
                [
                    0.0,
                    0.0,
                    0.0,
                    1.0
                ]
            ]
        },
        {
            "file_path": "./images/0024",
            "transform_matrix": [
                [
                    0.6983349919319153,
                    -0.64136803150177,
                    0.31776610016822815,
                    3.1776609420776367
                ],
                [
                    0.7157710790634155,
                    0.6257444024085999,
                    -0.3100253641605377,
                    -3.1002535820007324
                ],
                [
                    0.0,
                    0.443949431180954,
                    0.8960518836975098,
                    8.960518836975098
                ],
                [
                    0.0,
                    0.0,
                    0.0,
                    1.0
                ]
            ]
        },
        {
            "file_path": "./images/0025",
            "transform_matrix": [
                [
                    0.9998551607131958,
                    0.004978343844413757,
                    -0.016274234279990196,
                    -0.16274234652519226
                ],
                [
                    -0.017018653452396393,
                    0.2924804091453552,
                    -0.9561201333999634,
                    -9.561201095581055
                ],
                [
                    0.0,
                    0.9562585949897766,
                    0.2925227880477905,
                    2.9252278804779053
                ],
                [
                    0.0,
                    0.0,
                    0.0,
                    1.0
                ]
            ]
        },
        {
            "file_path": "./images/0026",
            "transform_matrix": [
                [
                    -0.80343097448349,
                    0.1791086345911026,
                    0.5678192973136902,
                    5.678193092346191
                ],
                [
                    0.5953978896141052,
                    0.2416895180940628,
                    0.7662163972854614,
                    7.662163734436035
                ],
                [
                    0.0,
                    0.9536803364753723,
                    -0.3008217513561249,
                    -3.0082175731658936
                ],
                [
                    0.0,
                    0.0,
                    0.0,
                    1.0
                ]
            ]
        },
        {
            "file_path": "./images/0027",
            "transform_matrix": [
                [
                    -0.6516296863555908,
                    -0.5162864327430725,
                    0.555722177028656,
                    5.557222366333008
                ],
                [
                    0.7585372924804688,
                    -0.4435214400291443,
                    0.47739914059638977,
                    4.773991584777832
                ],
                [
                    0.0,
                    0.7326234579086304,
                    0.6806342005729675,
                    6.806342124938965
                ],
                [
                    0.0,
                    0.0,
                    0.0,
                    1.0
                ]
            ]
        },
        {
            "file_path": "./images/0028",
            "transform_matrix": [
                [
                    0.29775577783584595,
                    -0.5407078266143799,
                    -0.7867507338523865,
                    -7.867506980895996
                ],
                [
                    -0.9546421766281128,
                    -0.1686483919620514,
                    -0.245389923453331,
                    -2.4538991451263428
                ],
                [
                    0.0,
                    0.8241316080093384,
                    -0.5663984417915344,
                    -5.663984298706055
                ],
                [
                    0.0,
                    0.0,
                    0.0,
                    1.0
                ]
            ]
        },
        {
            "file_path": "./images/0029",
            "transform_matrix": [
                [
                    0.24309638142585754,
                    -0.23648309707641602,
                    -0.9407337307929993,
                    -9.407337188720703
                ],
                [
                    -0.9700021743774414,
                    -0.05926603451371193,
                    -0.23576128482818604,
                    -2.3576128482818604
                ],
                [
                    0.0,
                    0.969826340675354,
                    -0.2437964677810669,
                    -2.437964677810669
                ],
                [
                    0.0,
                    0.0,
                    0.0,
                    1.0
                ]
            ]
        },
        {
            "file_path": "./images/0030",
            "transform_matrix": [
                [
                    -0.07707001268863678,
                    -0.7585555911064148,
                    0.6470344662666321,
                    6.470344543457031
                ],
                [
                    0.9970257878303528,
                    -0.05863628908991814,
                    0.05001571401953697,
                    0.5001571178436279
                ],
                [
                    0.0,
                    0.6489646434783936,
                    0.7608185410499573,
                    7.608185291290283
                ],
                [
                    0.0,
                    0.0,
                    0.0,
                    1.0
                ]
            ]
        },
        {
            "file_path": "./images/0031",
            "transform_matrix": [
                [
                    -0.4674954414367676,
                    -0.2003280371427536,
                    0.8609974980354309,
                    8.60997486114502
                ],
                [
                    0.8839954733848572,
                    -0.10594221949577332,
                    0.45533308386802673,
                    4.553330898284912
                ],
                [
                    0.0,
                    0.9739840626716614,
                    0.22661657631397247,
                    2.2661657333374023
                ],
                [
                    0.0,
                    0.0,
                    0.0,
                    1.0
                ]
            ]
        },
        {
            "file_path": "./images/0032",
            "transform_matrix": [
                [
                    -0.4276455342769623,
                    0.6094881892204285,
                    0.6675654053688049,
                    6.67565393447876
                ],
                [
                    0.9039465188980103,
                    0.28834104537963867,
                    0.31581664085388184,
                    3.1581664085388184
                ],
                [
                    0.0,
                    0.7385008931159973,
                    -0.674252450466156,
                    -6.742524147033691
                ],
                [
                    0.0,
                    0.0,
                    0.0,
                    1.0
                ]
            ]
        },
        {
            "file_path": "./images/0033",
            "transform_matrix": [
                [
                    -0.18080651760101318,
                    0.8441972136497498,
                    0.504618763923645,
                    5.046187400817871
                ],
                [
                    0.9835187792778015,
                    0.15519413352012634,
                    0.09276726841926575,
                    0.9276726841926575
                ],
                [
                    0.0,
                    0.5130749940872192,
                    -0.8583438992500305,
                    -8.583438873291016
                ],
                [
                    0.0,
                    0.0,
                    0.0,
                    1.0
                ]
            ]
        },
        {
            "file_path": "./images/0034",
            "transform_matrix": [
                [
                    -0.3012060821056366,
                    -0.0032410372514277697,
                    0.9535536170005798,
                    9.53553581237793
                ],
                [
                    0.9535590410232544,
                    -0.0010237647220492363,
                    0.3012043535709381,
                    3.0120434761047363
                ],
                [
                    0.0,
                    0.9999942779541016,
                    0.0033988847862929106,
                    0.03398884832859039
                ],
                [
                    0.0,
                    0.0,
                    0.0,
                    1.0
                ]
            ]
        },
        {
            "file_path": "./images/0035",
            "transform_matrix": [
                [
                    0.8802108764648438,
                    -0.4719456434249878,
                    0.04996153339743614,
                    0.49961531162261963
                ],
                [
                    0.4745827913284302,
                    0.8753197193145752,
                    -0.09266388416290283,
                    -0.9266388416290283
                ],
                [
                    0.0,
                    0.10527481138706207,
                    0.9944431185722351,
                    9.94443130493164
                ],
                [
                    0.0,
                    0.0,
                    0.0,
                    1.0
                ]
            ]
        },
        {
            "file_path": "./images/0036",
            "transform_matrix": [
                [
                    0.9101178646087646,
                    0.3475935161113739,
                    -0.22553102672100067,
                    -2.255310297012329
                ],
                [
                    -0.4143494963645935,
                    0.7634885311126709,
                    -0.4953784644603729,
                    -4.953784465789795
                ],
                [
                    1.4901161193847656e-08,
                    0.5443013906478882,
                    0.8388897180557251,
                    8.388896942138672
                ],
                [
                    0.0,
                    0.0,
                    0.0,
                    1.0
                ]
            ]
        },
        {
            "file_path": "./images/0037",
            "transform_matrix": [
                [
                    0.7684010863304138,
                    -0.5773738026618958,
                    -0.2760421931743622,
                    -2.7604217529296875
                ],
                [
                    -0.6399685740470886,
                    -0.6932445168495178,
                    -0.33143994212150574,
                    -3.314399242401123
                ],
                [
                    0.0,
                    0.43133702874183655,
                    -0.9021908640861511,
                    -9.0219087600708
                ],
                [
                    0.0,
                    0.0,
                    0.0,
                    1.0
                ]
            ]
        },
        {
            "file_path": "./images/0038",
            "transform_matrix": [
                [
                    -0.9683502912521362,
                    0.18763607740402222,
                    0.16459158062934875,
                    1.6459157466888428
                ],
                [
                    0.2495950311422348,
                    0.7279689908027649,
                    0.6385635733604431,
                    6.3856353759765625
                ],
                [
                    -7.4505797087454084e-09,
                    0.6594345569610596,
                    -0.7517620921134949,
                    -7.517621040344238
                ],
                [
                    0.0,
                    0.0,
                    0.0,
                    1.0
                ]
            ]
        },
        {
            "file_path": "./images/0039",
            "transform_matrix": [
                [
                    0.2571595013141632,
                    -0.6955277323722839,
                    0.6709025502204895,
                    6.7090253829956055
                ],
                [
                    0.9663690328598022,
                    0.185086190700531,
                    -0.17853322625160217,
                    -1.785332202911377
                ],
                [
                    1.4901161193847656e-08,
                    0.6942508816719055,
                    0.7197330594062805,
                    7.197330474853516
                ],
                [
                    0.0,
                    0.0,
                    0.0,
                    1.0
                ]
            ]
        },
        {
            "file_path": "./images/0040",
            "transform_matrix": [
                [
                    -0.6798580884933472,
                    0.08862373232841492,
                    -0.7279689908027649,
                    -7.279689788818359
                ],
                [
                    -0.7333437204360962,
                    -0.08216005563735962,
                    0.6748753190040588,
                    6.748753070831299
                ],
                [
                    -3.725290298461914e-09,
                    0.9926709532737732,
                    0.12084882706403732,
                    1.2084882259368896
                ],
                [
                    0.0,
                    0.0,
                    0.0,
                    1.0
                ]
            ]
        },
        {
            "file_path": "./images/0041",
            "transform_matrix": [
                [
                    0.768212616443634,
                    0.6323062181472778,
                    -0.10019127279520035,
                    -1.0019127130508423
                ],
                [
                    -0.6401948928833008,
                    0.7587464451789856,
                    -0.12022619694471359,
                    -1.2022619247436523
                ],
                [
                    0.0,
                    0.1565011590719223,
                    0.9876777529716492,
                    9.876777648925781
                ],
                [
                    0.0,
                    0.0,
                    0.0,
                    1.0
                ]
            ]
        },
        {
            "file_path": "./images/0042",
            "transform_matrix": [
                [
                    0.2398664951324463,
                    -0.32181254029273987,
                    -0.9159152507781982,
                    -9.15915298461914
                ],
                [
                    -0.9708058834075928,
                    -0.07951336354017258,
                    -0.22630412876605988,
                    -2.2630414962768555
                ],
                [
                    0.0,
                    0.9434587359428406,
                    -0.33149006962776184,
                    -3.3149008750915527
                ],
                [
                    0.0,
                    0.0,
                    0.0,
                    1.0
                ]
            ]
        },
        {
            "file_path": "./images/0043",
            "transform_matrix": [
                [
                    0.5435712933540344,
                    0.8103440999984741,
                    0.2187982052564621,
                    2.1879820823669434
                ],
                [
                    0.8393630981445312,
                    -0.5247786045074463,
                    -0.14169365167617798,
                    -1.4169365167617798
                ],
                [
                    0.0,
                    0.26067155599594116,
                    -0.9654275178909302,
                    -9.654274940490723
                ],
                [
                    0.0,
                    0.0,
                    0.0,
                    1.0
                ]
            ]
        },
        {
            "file_path": "./images/0044",
            "transform_matrix": [
                [
                    -0.990568995475769,
                    -0.13662748038768768,
                    -0.010296680964529514,
                    -0.10296680778265
                ],
                [
                    -0.1370149403810501,
                    0.9877678751945496,
                    0.0744413286447525,
                    0.7444132566452026
                ],
                [
                    0.0,
                    0.07515016943216324,
                    -0.9971722960472107,
                    -9.971722602844238
                ],
                [
                    0.0,
                    0.0,
                    0.0,
                    1.0
                ]
            ]
        },
        {
            "file_path": "./images/0045",
            "transform_matrix": [
                [
                    0.645770788192749,
                    0.617694079875946,
                    0.4488142132759094,
                    4.488142013549805
                ],
                [
                    0.7635313868522644,
                    -0.522426187992096,
                    -0.3795929551124573,
                    -3.795929431915283
                ],
                [
                    -1.4901161193847656e-08,
                    0.5878137350082397,
                    -0.808996319770813,
                    -8.08996295928955
                ],
                [
                    0.0,
                    0.0,
                    0.0,
                    1.0
                ]
            ]
        },
        {
            "file_path": "./images/0046",
            "transform_matrix": [
                [
                    -0.8021441698074341,
                    -0.5405969619750977,
                    -0.25361332297325134,
                    -2.536133289337158
                ],
                [
                    -0.5971304774284363,
                    0.7262009978294373,
                    0.3406867980957031,
                    3.4068679809570312
                ],
                [
                    0.0,
                    0.4247201681137085,
                    -0.9053247570991516,
                    -9.053247451782227
                ],
                [
                    0.0,
                    0.0,
                    0.0,
                    1.0
                ]
            ]
        },
        {
            "file_path": "./images/0047",
            "transform_matrix": [
                [
